"x"
0.273995840740414
-0.0178634002668453
-0.108386200206006
0.681960209973532
-0.0133426880797622
0.0877366326193237
0.0784697125150543
0.00643293275476926
-0.00462870647020455
-0.0404591982000808
-0.0711158768398755
0.0927712770018086
-0.0937766454820733
-0.0419889608326603
-0.0560912847653105
-0.559042708835793
-0.559042708835793
-0.646836999959518
-0.611100970282806
-0.766675145324058
-0.623187172025789
-0.533704504523275
-0.676499353482365
-0.206860429003072
0.0198886355899287
0.0522842375076961
-0.649556005805504
-0.621672966990173
-0.749835483941805
-0.0507372746449182
-0.217797302990842
-0.126943307205531
-0.669777853306077
-0.716917178919671
-0.639881620987784
-0.100620972093246
-0.167128338105348
-0.0587142680826159
-0.58703015721168
0.0862043752848643
-0.612123540048571
0.160806762720802
-0.707892708360848
-0.0292083814447448
-0.780744465254605
0.130236333853275
0.00526397595599559
0.00379931433568714
0.0400291928864381
-0.0172975696006379
-0.513922892256532
0.074886005153943
-0.0487199619615453
-0.613634902884459
-0.508329846887119
-0.633797111077676
-0.966914858384798
-0.956214986723108
-0.943820796502545
-0.630368264434513
-0.601275978117245
-0.768680139539871
-0.721952604411164
-0.699552838250048
-0.651537332905511
-0.734606660052562
-0.791374949012555
-0.734454412466135
-0.597066786740935
-0.597066786740935
-0.61550707017964
-0.679397473801914
-0.778438755546963
-0.61122867301849
-0.527827739028785
-0.641101293844768
-0.644162618997256
-0.606635188412494
-0.786357920719715
-0.740113687051917
-0.694043633595317
-0.689345388559382
-0.667105016090295
-0.6229864655134
-0.717690363847981
-0.79168813867265
